,0
0,0.04229779589523737
0,0.07856342153961025
0,0.03377989262302863
0,0.009216461015130168
0,0.03060025489718357
0,0.038617863849926194
0,0.020207900119535264
0,0.09445468008244456
1,0.825656699307043
0,0.018659678965401747
0,0.025259014150813407
0,0.07537787672127155
0,0.025173220055645224
0,0.01767323820579224
0,0.023507642792238607
0,0.059194621116483735
0,0.042499850487767145
0,0.04789362409240794
0,0.01140279052260179
0,0.02366303865792366
0,0.029468146973837414
1,0.06287061152295693
0,0.014720170489146301
0,0.016842701169760218
0,0.025864463470033832
0,0.04005642472880936
0,0.02030196655762847
0,0.03687848668089187
0,0.0629391529943331
0,0.11245598462778336
0,0.018861952134590586
0,0.016748746576957862
0,0.018708484751897306
0,0.05512693013945325
0,0.06365733047948303
0,0.046572299384868926
0,0.048591334952365076
0,0.08861927422785235
0,0.03631481702155809
1,0.16197664241992757
1,0.1735071161639203
0,0.013414949115275897
0,0.03010094854804643
0,0.07484550645355094
0,0.034560663517170395
0,0.04431748102265941
0,0.06407551634699468
0,0.021457387802370453
0,0.028726026580654415
0,0.012032117408266515
0,0.03837128154919312
0,0.02422069906075536
0,0.01524557536095469
1,0.2674878170758038
0,0.020428622142087537
0,0.03165032429858515
0,0.02113380097983219
0,0.013859190412439923
0,0.011101654648024626
0,0.02548047787822288
0,0.0223588552637446
0,0.023868240742771593
0,0.013010548342150461
0,0.007375102099379096
0,0.07982039829346299
0,0.06687047183758037
0,0.13128912746366483
0,0.04340601572306386
0,0.031193433250678717
0,0.03165483826217394
0,0.022308920873247727
0,0.01346007359637096
0,0.014291064539576046
0,0.02200496409152406
0,0.059913615183379565
0,0.06118835022062552
0,0.013824086491904053
0,0.037419627900764946
0,0.0307703743283616
0,0.02412873290010315
0,0.031569004840268027
0,0.09479358105062137
0,0.029816369773412545
0,0.014445458628880145
0,0.03224948576341558
0,0.044423337402499465
0,0.12110340960828277
1,0.047387972229800845
0,0.03235435826371875
0,0.008897126462566398
0,0.03144660190385329
0,0.008940925059516165
0,0.04256011933205844
0,0.035583435164083105
0,0.022556705560461496
0,0.05553939098948804
0,0.024395698713154983
1,0.019808627030542484
0,0.06451492183406785
0,0.038212915452544065
0,0.030714954087783596
0,0.11161534658386764
1,0.08336656057355576
0,0.048792549031635137
0,0.011863752319745964
0,0.024437695879739554
0,0.027382746865294776
0,0.050358136719853695
1,0.14948205620061175
0,0.04918655527163503
0,0.009998472065114302
0,0.022013937997339215
0,0.04871951794229873
0,0.012943739907186204
0,0.05404024880623618
0,0.06368370880072617
0,0.01373073170632142
0,0.020771804999508644
0,0.03889592921911933
0,0.014574787799705497
0,0.08315725995949194
0,0.03991233817796936
1,0.2018950430915882
0,0.06745706427332289
1,0.015141059542999288
1,0.17922898828895198
0,0.019615942322496083
0,0.02767510401960167
0,0.22485400402977368
0,0.021066611312614756
0,0.03271480568631908
0,0.043302611210464206
0,0.03193626603492593
0,0.0207559930077763
0,0.016590931776740297
0,0.04781743065461275
0,0.02535257995725256
0,0.06456544706098045
0,0.026074212930456354
0,0.014214959245534974
0,0.010834311521817679
0,0.07401651177305905
0,0.02397452649472988
0,0.060602102153671795
0,0.06327704368321307
0,0.02156178479033613
0,0.025176702052709745
0,0.06557022600237881
0,0.03323513042562513
0,0.05892550239808926
1,0.3162058697567048
0,0.14377028400779698
0,0.10829796693176008
0,0.008730103140355043
0,0.014821269302612367
0,0.007910221427216197
0,0.035143240952217235
0,0.021843576737623067
0,0.028094870523365553
0,0.07994505470336011
0,0.011117916040534205
0,0.025786771157906934
0,0.06899816360684219
0,0.01863756898085841
0,0.03130547778648221
0,0.011874412751035476
0,0.021002713898982076
0,0.011875382257836176
0,0.09314318550119836
0,0.08597939355181893
0,0.03424974803494397
0,0.018744715184195893
0,0.039507442163921644
0,0.03804569153972906
0,0.010296304133685038
0,0.07252719546761176
0,0.027697343110424943
0,0.046593284546788925
0,0.005426613929223209
0,0.011466663341861154
0,0.016115827127325774
0,0.0216717279698021
0,0.011556576417886447
0,0.026485807472980565
0,0.10859875767614799
0,0.031468647475170586
0,0.030007527611726398
0,0.10458489922940267
0,0.03809215835283741
0,0.024120223598764878
0,0.05658865600760581
0,0.01785369679293197
0,0.023344451367029066
0,0.032233463879882636
0,0.4283657984043133
0,0.040868988692125525
0,0.27559311346022614
0,0.010247862434630243
0,0.021330857350606053
0,0.17778368118989935
0,0.2092795045223047
0,0.06723031862887556
0,0.013388608969862836
0,0.0362313551085651
0,0.2444489587403782
0,0.017544397391929072
0,0.009241956946073665
0,0.16716156292589932
0,0.05015308367512865
0,0.016240966642987034
0,0.01131068084795789
0,0.05969594515814968
0,0.0141076792142706
0,0.06939269693942664
0,0.03899435982345963
0,0.033799523213282105
0,0.06444367400473726
0,0.028245575433033816
0,0.03535442410729426
0,0.06885427910409193
0,0.07480949389241162
0,0.012786637745989059
0,0.02260337746207649
0,0.018594890801157532
0,0.0488792552074045
0,0.04963380485207606
0,0.060838614866419415
0,0.040544057917562805
0,0.04804717786227539
1,0.1160829457440349
0,0.047005449378160015
0,0.05160853289698124
0,0.005695279489219583
0,0.03636867195872206
0,0.13794970454406466
0,0.0819913138243335
0,0.27342035806661213
0,0.014289756847169273
0,0.006064647927807407
0,0.044008691140032245
0,0.09674312103518132
0,0.029367159121228767
0,0.034297250636746095
0,0.021122409806063003
0,0.07738260056770038
0,0.13254848107885653
0,0.012532111102648761
0,0.02054550484052998
0,0.03153893612221387
0,0.019898616398522924
0,0.13301468192657934
0,0.031088957490775462
0,0.0799735539505663
0,0.03532695507974787
0,0.008749979238121536
0,0.050370428368523255
0,0.028741819855651895
0,0.06812698043851564
0,0.02199765950638199
0,0.03451458643917505
1,0.5938824555842227
0,0.05060032505532391
0,0.02808197774409802
0,0.018512413432222107
0,0.023190578827377004
0,0.007462015336547182
0,0.05996621440189113
0,0.02820219248795629
0,0.02782575415304344
0,0.0013927997999587203
0,0.37838591605465566
0,0.02845475112250278
0,0.03568067076588584
0,0.023808969542944636
0,0.04331677319535534
0,0.01726476628773611
0,0.01838639144771076
0,0.07589523412488704
0,0.02031821010819418
0,0.038838279140346474
0,0.008092618119010651
0,0.01724670192307023
0,0.04095746180622465
0,0.01404568051034972
0,0.2818032055916853
0,0.029535451170373442
0,0.032769740847867906
1,0.0546593598026475
0,0.010646000474453196
0,0.06288122667648793
0,0.034487151299560384
0,0.06211294345461266
0,0.030725311524398422
0,0.04212524271958141
0,0.031166642267774866
0,0.01869765765681493
0,0.012405230208643547
0,0.06632786611165462
0,0.02779559600372784
1,0.02152585908349803
0,0.044861367498789516
0,0.021020212622459285
0,0.17656984374754703
0,0.008681837229666053
0,0.025833256541207508
0,0.027391862253929554
0,0.027705721583140663
0,0.019325578054024878
0,0.07500129845281188
0,0.017175599746873927
0,0.07941482449850218
0,0.019903831288878956
0,0.004076731447898568
0,0.02030112966248983
0,0.021598395455772655
0,0.15436413071595798
0,0.013204424366186166
0,0.01958726245357869
0,0.03038897464140468
0,0.07721716022172553
0,0.1411150382027367
0,0.01390186609876458
0,0.0101939808914449
0,0.08302756201302833
0,0.028307424933763224
0,0.028049482817305692
0,0.03243615310432437
0,0.045269670291114186
0,0.017960175178224264
0,0.02354837323516277
0,0.02178196932881578
0,0.017155471166806983
0,0.01715589902984763
0,0.048789224013868426
0,0.023027002529907404
0,0.013883364240543905
0,0.101591408534293
0,0.014673227512088109
0,0.029271891384150036
0,0.2012480926511525
0,0.02324685169089731
0,0.009916330671821906
0,0.052270277978165434
0,0.021056603594482415
0,0.037324990912559135
0,0.02724978654013737
0,0.028582861189504878
0,0.030670048010408416
0,0.045260077952868974
0,0.017458747799253042
0,0.00992235584300884
0,0.047450556935081795
0,0.042982238712780736
0,0.01760675913601264
0,0.015826489011524142
0,0.047991299181769045
0,0.07579178270740906
0,0.03685123229931952
1,0.06337432661560485
0,0.05916488607663264
0,0.025430860748005064
0,0.0327926798119232
0,0.0370347096007086
0,0.024240819089719333
1,0.12840759083280784
0,0.023932997108999238
0,0.07043826742672099
0,0.01979827333993143
0,0.02219339036781882
0,0.026075794544803136
0,0.010168156087440655
0,0.07205976317186316
0,0.011029387379642111
0,0.026763533629808142
0,0.045201628175051835
0,0.03367356755461433
0,0.026684411313714556
0,0.05746752358885948
0,0.03919937070191609
0,0.02383190421180482
0,0.02271212688078491
0,0.0508075812435887
0,0.022699771536877446
0,0.00936152420940041
0,0.032857270419026724
0,0.015551051080023226
0,0.026622117051359067
0,0.024321125924139392
0,0.030791901736548524
0,0.026500368742216743
0,0.04225052129389104
0,0.017681264982755292
0,0.03159725243147318
0,0.03422770650279646
0,0.03977844550609545
0,0.03904684556373826
0,0.028881842113701022
0,0.06941107356944577
0,0.022503510002426504
0,0.02040681819459054
0,0.02116162112656818
0,0.02742291655832166
0,0.03339846913883845
1,0.052964367039109526
0,0.049004134915875616
0,0.038720669126966666
0,0.018959860330020006
0,0.057596561962198395
0,0.004193877140911657
0,0.032461404323444715
0,0.2106145728800852
0,0.03716804613549653
0,0.014899560392958991
0,0.057063453822757126
0,0.0024903932846989875
0,0.022325532852679356
0,0.017077375574058803
0,0.032584288052838806
0,0.010995878315642757
0,0.06290310163617
0,0.022848738874037555
0,0.04655474469645596
0,0.06847286465315754
0,0.029134659216872093
0,0.04655656213002453
0,0.026023678065218027
0,0.010104422272554555
0,0.015580880162060926
0,0.013851554308456835
0,0.04578935106286519
0,0.014245364560446581
0,0.13596747386397545
0,0.01833911320568538
0,0.024070234408248025
1,0.1442343511532483
0,0.027411848183496214
0,0.04055414667636653
0,0.08019948995069937
0,0.014864276424640423
0,0.01993933781919729
0,0.017405487755521892
0,0.037602888179709686
0,0.016594408820821246
0,0.04171854730962464
1,0.3136907786632812
0,0.024369090576882357
0,0.028901206198080277
0,0.06401063239529015
0,0.011895838173440674
0,0.3892731992684679
0,0.5982880118873064
0,0.058553789828521524
0,0.03856476738617048
0,0.01271691173393028
0,0.027074707102946127
0,0.026660740926668883
0,0.12745262441761607
0,0.013417329833695407
0,0.1091160276212489
1,0.029544215145991135
0,0.01301428179833491
0,0.03506578848086803
0,0.03703766084060395
0,0.028898826028658973
0,0.015434172259028493
0,0.011287555558830363
0,0.030332837541687266
0,0.12150954240124408
0,0.10873483058126196
0,0.03273191263954301
0,0.025363092658298485
0,0.16739455749744472
0,0.09875361861638915
0,0.018456446472452866
1,0.23405959712488067
0,0.22724064446933592
0,0.00863050458881539
0,0.03805440868613926
0,0.13579093061456532
0,0.044964111008627065
0,0.03934432704683625
0,0.02707977598163365
0,0.03768164090408811
0,0.027759731116743545
0,0.05345734231693238
0,0.11496935680700612
0,0.02744877882316521
0,0.005010575152632062
0,0.006705161622525889
0,0.015385178219891863
1,0.15956790441875757
0,0.10509813994602778
0,0.01841468700532199
0,0.013892715248323601
1,0.02194370179651094
0,0.02342746909799441
0,0.22164847122383186
0,0.09043762534270754
0,0.0133333937881513
0,0.05470380980381724
0,0.033323198304054905
0,0.019227753872108774
0,0.02440095201660054
0,0.004824573410532286
0,0.0902327377441696
0,0.021839247166420526
0,0.05400398608877645
0,0.02030008673978677
0,0.04049076198502943
0,0.03376177074891874
0,0.01908939402861652
0,0.04382372723882418
0,0.07063080725957634
0,0.018522499116521016
0,0.06038756028901145
0,0.024443581332724583
0,0.0482854142535942
0,0.01504111149593352
0,0.026789535193890997
0,0.02424479793609591
0,0.015633345279590406
0,0.012753747998788726
0,0.03419735916794981
0,0.009774557452011936
0,0.023178465130666865
0,0.034907199460445716
0,0.16959465778551344
1,0.05997998276701627
0,0.016551942583341
0,0.015326706407776718
0,0.029369953388623384
0,0.01295634770272826
0,0.061043202977505255
0,0.015972651411031245
0,0.015315487715345669
0,0.021746225633176755
0,0.021932617638417144
0,0.01842378618480826
0,0.051253790487630485
0,0.00815280687822925
0,0.022598366761992606
0,0.05449885924558394
0,0.048114530457017
0,0.006702475621888534
0,0.03589636255825236
0,0.010137722196840187
0,0.029998426798397624
0,0.02562810776527664
0,0.01263581548950153
0,0.007970597073625083
0,0.014397823225628175
0,0.04677536451033363
0,0.15677994649585322
0,0.019734748286751185
0,0.49297272686394855
0,0.02637554930487606
0,0.02132768135203144
0,0.028952362549340777
0,0.02327269501624783
0,0.30829515131253366
0,0.012167299559271648
0,0.02670227396580333
0,0.04369382112980697
0,0.0552041681190018
0,0.022829621065441518
0,0.09261227543666697
0,0.03334309288981916
1,0.2969287239479692
0,0.016043358657443062
0,0.030651360994737288
1,0.012734382220849268
0,0.017304249269034972
0,0.1104255529359846
0,0.010414148983009365
0,0.01763449274805791
0,0.029125928059581817
0,0.01944524375674657
0,0.020553118553310268
0,0.052525100027265625
0,0.03439170753516821
0,0.020661855930667983
0,0.01370923522347207
0,0.03215543638313289
0,0.026863671826188436
0,0.009893771992487968
0,0.031340767062405184
0,0.022961962154495627
0,0.022898331427485832
0,0.007428839302937618
0,0.015287934941645728
0,0.08273457364189792
0,0.03398249389016022
0,0.04777348834037527
0,0.022994016153740936
0,0.025047275964595567
0,0.004986125275501371
0,0.051788151781405195
0,0.029051088400369206
1,0.16083862173418517
0,0.06022963034561508
0,0.02083861382250028
1,0.20441313588860477
1,0.28321540577975485
0,0.2164404727201195
0,0.019976701954551642
0,0.015343241619945843
0,0.03645910075343681
0,0.016986772082388045
0,0.058920230953364676
0,0.0653741622982561
1,0.5889435611492582
0,0.02638050967013169
0,0.009955033449153359
0,0.04759834226141467
0,0.05865674897849381
0,0.03392425169242046
0,0.215140131224924
0,0.030928795418878323
0,0.024279367646095867
0,0.019499155376292945
0,0.015512792448836082
0,0.015572395825506024
0,0.017321433200210477
0,0.05774999003346472
0,0.06397502043576524
0,0.037708472050265944
0,0.32328213583651866
0,0.06102815314578788
0,0.18968021377507807
1,0.053051366113992
0,0.009595075245291983
0,0.033645387765542926
0,0.014223620126511618
0,0.038835743847535506
0,0.044920391321043925
0,0.03730779454069113
0,0.01687197680183913
0,0.0383257678149387
0,0.023622361165140913
0,0.030174501454270947
1,0.31416855336177435
0,0.06535348337653304
0,0.025700991504756705
0,0.019896155146892202
0,0.26102965513582055
0,0.033970121729566025
0,0.04270823218227928
0,0.022386007173727383
1,0.0756824380949092
0,0.042869600915177906
0,0.007060452106492997
0,0.009455655301694012
0,0.008679257947219429
0,0.1219162065607399
0,0.05359495130076389
0,0.03599120566626685
0,0.044481928249813445
0,0.014338475155896264
1,0.0387621702342529
0,0.03770088830474952
0,0.01671430054521903
0,0.017009356612480497
0,0.03569657491073543
0,0.04385127285598528
0,0.3649380047346936
0,0.041992346316261496
0,0.0368425900194487
0,0.16786372237071645
0,0.06685199818248036
0,0.013261517519772326
0,0.024191285869389578
0,0.09558273830650292
0,0.06599367486729846
0,0.023188340976682403
0,0.06146073171685225
0,0.10498962490833012
0,0.15147400073496134
0,0.02741039316168607
0,0.08411090365795637
0,0.05890527704631788
0,0.02393621083645936
0,0.018329991824507282
0,0.029647065435368096
0,0.025911892672640456
0,0.03872550551226951
0,0.02186164156856601
0,0.02911023832882384
0,0.014466296313008567
0,0.06429165694884337
0,0.034273928435885836
0,0.03209564668127683
0,0.04518975537379686
0,0.006929600741741432
0,0.009304040056378606
0,0.007947301732355751
0,0.11659568428343868
0,0.04505171002517719
0,0.04548382623136556
0,0.23097666939243153
0,0.013228212418644433
0,0.009846495103769648
0,0.008462244992730504
0,0.012935966430575497
0,0.02249187719933389
1,0.034715385477106994
0,0.04308902215331453
0,0.02763113042763723
0,0.009668534527337607
0,0.04027068985941578
0,0.01620329581713112
0,0.023180233883178008
0,0.00898685570599115
0,0.015186708870694982
0,0.01189182369462547
0,0.04704629917321107
0,0.04256062067980562
1,0.7046883167957204
0,0.025778334154702365
0,0.019067384573383583
0,0.10361214291897597
0,0.053973910704856305
0,0.01976584651226577
0,0.02217893426665354
0,0.04633177427985909
0,0.02084370445990444
0,0.01566424061371499
0,0.015818306617983464
0,0.01594898269413998
0,0.028916503825794856
0,0.31550529150803014
0,0.027986441893434008
0,0.09877477709383156
0,0.02052467420167259
0,0.024457870941896352
0,0.04202029911949612
0,0.01772149149660547
0,0.03781775794968412
0,0.01700083668118989
0,0.042833951272841723
0,0.2792567470157736
0,0.03386894880311796
1,0.6185490528704617
0,0.025670383368718172
0,0.023569921408248266
0,0.05426450518448701
0,0.02891810652810708
0,0.05852637286994345
0,0.015453711881541286
0,0.014901641390354317
1,0.0927745520773003
0,0.05603586477689977
0,0.04889585796183846
0,0.01125276156192825
0,0.09458966047868507
0,0.0183245391263399
0,0.10087827392618225
0,0.03554385924799934
0,0.018782646561048243
0,0.008319957133302186
0,0.58006510564809
0,0.01083602897706463
0,0.01098412441005718
0,0.016783166189854686
0,0.05221688182901438
0,0.017055808845708627
0,0.029239729033187594
0,0.02659956281904126
0,0.024000585142799267
0,0.15723550498181182
0,0.06118321395869942
0,0.04545095040099462
0,0.016686736842157473
1,0.3140385739220502
0,0.07056128649879297
0,0.1774810070623343
0,0.016861477422274916
0,0.024273529711882305
0,0.07662793896614624
0,0.02643900948535616
0,0.016172452281291855
0,0.035544952634561276
0,0.03840703123963201
0,0.40453404824322153
0,0.010948179083814144
0,0.07207833445228176
1,0.04918335534211901
0,0.046873613938842595
0,0.033257006240285006
0,0.15618343326951067
0,0.05498897276877716
0,0.19756295596354992
0,0.010058324822335303
0,0.02029992676825602
0,0.05457227715345654
0,0.03303892037187204
0,0.09842498459815376
0,0.02062672854701161
0,0.009127464102117832
1,0.3186417098811903
0,0.04180869186290727
0,0.014402346842027451
1,0.3323858993931736
0,0.09760626028636432
0,0.019457004387402405
0,0.010888067160671741
0,0.1489935557715284
0,0.41484574075055547
0,0.02305710716573556
0,0.2917972164524655
0,0.02384959388772595
1,0.02941810778058847
0,0.19306956504641132
0,0.022017638788967286
0,0.049369273857319554
0,0.02485235488724351
0,0.02419049686276065
0,0.07504826640759533
0,0.022856182393785927
0,0.02741788340444321
0,0.016496611883865198
0,0.02979015518024111
0,0.012693103312092589
0,0.0154377217539461
0,0.039992849701100654
0,0.09803263397079805
0,0.04876917521056885
0,0.04530529633358206
0,0.11352440661675824
0,0.02024886676467959
0,0.03342313697997657
0,0.08376749027741053
1,0.038765502710742
0,0.012653299721518678
0,0.02220252528798998
1,0.028742666101740925
0,0.013877890081920485
0,0.011765404044506742
0,0.059112153083553366
0,0.046643269253009184
0,0.016561568451206758
0,0.09230405580291497
0,0.13085391674135652
1,0.1352573628375971
0,0.34819926212614266
0,0.03434827809458558
0,0.028605339359675314
0,0.03587248191779812
0,0.09012522522575733
0,0.013344352919400742
0,0.02409989160506897
0,0.022622082124875816
0,0.015913606213535946
0,0.02033222508441579
0,0.03592882401106796
0,0.033431056106653166
0,0.005243887716829748
0,0.019836288048104264
0,0.034588929644710505
0,0.015844414186698307
0,0.04007797389085694
0,0.04678862409973933
0,0.08328101212608455
0,0.025232971760875487
0,0.10052240270476386
0,0.035169703199594865
0,0.023870979526664466
0,0.04039318138748211
0,0.01097199895433239
0,0.014278272548856188
0,0.03381871208748826
0,0.05006616660830965
0,0.03803560703118328
0,0.028475997678370495
0,0.06221593811623033
0,0.1598554339386093
0,0.03195083327113633
1,0.11452199598402177
0,0.10451624866678057
0,0.11125524577429749
0,0.022820672597924495
0,0.036683179381922136
0,0.02054810374729631
0,0.0209000896941416
0,0.020931796012533564
0,0.043597322735182124
0,0.04055679939618793
0,0.0374976872627088
0,0.0434254180826626
0,0.01760887447469312
0,0.030862794912199207
0,0.044868079542235186
0,0.14400665163659257
0,0.03298234838666014
0,0.028118398882091673
0,0.07615733789796812
0,0.07795061026799395
0,0.014494382561041323
1,0.05573699346421536
0,0.07124600012490631
0,0.016007386428979038
0,0.12380722417075418
0,0.023824598850061298
0,0.21613612351321496
0,0.023754520501336685
0,0.033227565432188855
0,0.04963037315963079
0,0.03133317624167003
0,0.03660950054034705
0,0.036729610866287496
0,0.035099311560144335
0,0.01371082705374787
0,0.01725912645616945
0,0.010398518616092126
0,0.02491045260121059
0,0.13360205511609527
0,0.0024109592700232102
0,0.024846692087555997
0,0.017536422827144345
0,0.012176262737882032
0,0.0050047867363838365
0,0.021196614789619865
0,0.16168800784543277
0,0.06758785717254848
0,0.048483367311023026
0,0.011104305034885747
0,0.0333631904588432
0,0.012645237932408222
0,0.03289731043683751
0,0.025149914857673518
0,0.03442773506170591
0,0.007337451921164528
0,0.03325483357510466
0,0.015021396405905267
0,0.018004965091920747
0,0.021268307012996795
0,0.03366609569738097
0,0.016423651276768775
0,0.2029116031680262
0,0.046870841865076826
0,0.038939730773633066
0,0.02435909926772351
0,0.06364595879946934
0,0.0824464509787996
0,0.019922461345420035
1,0.015789776592828455
0,0.02021635075242862
0,0.050167370597339764
0,0.01615584033351271
0,0.09325276635083213
0,0.034375448580977006
0,0.045935356209163544
0,0.02439760122552692
0,0.03474760291599493
0,0.015287934941645728
0,0.12743250159956548
0,0.029012743917492367
0,0.05033925075300182
0,0.018490700629644422
0,0.028703286027537696
0,0.045803294902399046
0,0.039974400785417176
0,0.03133613530584848
0,0.13199921320925712
0,0.05048336996724883
0,0.024435184765751773
0,0.06919383131655112
0,0.010843713414183144
0,0.01862759729085109
0,0.14915365218364718
0,0.04356761064278119
0,0.019179001851578777
0,0.026389174387809623
0,0.1628654585708829
0,0.027496091344213255
0,0.04350400708919464
0,0.022975468194690204
0,0.013439456528129305
0,0.06266278518558069
0,0.33298919665511567
0,0.015505746230889905
0,0.02308541317160842
0,0.06477800645104433
0,0.020189966094958173
0,0.01978787730356922
0,0.03828153503233688
0,0.10872044183520796
0,0.015659289689530967
0,0.011115051819968035
0,0.013917186039830694
0,0.021523051772347056
0,0.3824039767687586
0,0.1481202465227358
0,0.02751876418129615
0,0.039088582729194715
0,0.029510899317598836
0,0.017830693279421744
0,0.023979614456810506
0,0.013530088521784186
0,0.01998789970017378
0,0.01920622405115303
0,0.010691907127804674
0,0.12617498709754227
0,0.026432881648583158
0,0.20105101149397978
0,0.03505596656673228
0,0.034383129289778436
0,0.043251751099700864
0,0.02704565566185111
0,0.036315493127980755
0,0.07241521210741017
1,0.02697842305489253
0,0.05351182990639444
0,0.01024563768058289
0,0.03151080490844432
0,0.025657569227961773
0,0.025139996054870533
0,0.029837463402201624
0,0.025394849799550624
0,0.01706878917967149
0,0.012509449269873735
0,0.055460078143843614
0,0.0701090699656292
0,0.05315534626824158
0,0.016455135178444477
0,0.03406102717307026
0,0.02840945571854029
0,0.07057754097634328
0,0.011516356820880033
0,0.011286164768155006
0,0.007127410466241321
0,0.08589247037762605
0,0.02495853614499134
0,0.026749207049439047
0,0.03224702467974107
0,0.05292061709800113
0,0.026493234513490446
0,0.02950044610279397
0,0.09274043742322154
0,0.05148436939769853
0,0.020652459495350432
0,0.2261746928226648
0,0.06284219069472076
0,0.02750666084474507
0,0.011535801430189228
0,0.04327752684202585
0,0.022768011831040394
0,0.01680864366616719
0,0.018168562142549683
0,0.022163319899475096
0,0.01963462784791148
0,0.015873689709010555
0,0.09823013940336704
0,0.023561729340112303
0,0.013488325781473243
0,0.045579573308932225
1,0.11756278021642476
0,0.04321511157239526
0,0.043610509264575804
0,0.023497767266705938
0,0.0611100325033702
0,0.028096605326832697
0,0.016736433192434678
0,0.02135441346525081
0,0.012513772424002376
0,0.03425266872293923
0,0.02558824194847373
0,0.01925071691864894
0,0.012665620982075897
0,0.008581792456147149
0,0.057953785136867705
0,0.042648687358636
0,0.04026037283388332
0,0.06271894133727561
0,0.02686782895041531
0,0.03669270836936348
0,0.046860368159785504
1,0.0642512790109677
0,0.024226622905675337
0,0.011599138107770825
0,0.011727853707929886
0,0.018010134823614448
0,0.054934145978224644
0,0.020820201597374646
0,0.061832191058422435
0,0.03744566607376177
0,0.04334990840269608
0,0.01126212346038227
0,0.020527799265046363
0,0.02548283292014417
0,0.0714299432060021
0,0.04910519317957032
0,0.007803586738126673
0,0.01233283049574883
0,0.008434221231741238
0,0.04065530201575998
0,0.040900090601725766
1,0.04253382525115407
0,0.0472926811202603
